56 115
993 630
828 108
412 858
11 452
266 235
555 210
743 981
822 218
282 608
147 10
75 523
184 216
839 895
49 553
436 120
435 335
737 394
960 589
62 863
289 466
721 779
313 817
867 989
345 480
957 177
1 833
253 384
977 919
389 183
293 981
968 509
107 363
932 178
316 151
792 161
720 956
724 223
755 825
640 319
367 267
413 368
161 292
525 792
374 681
479 477
281 809
683 425
521 715
936 129
980 743
187 148
718 822
449 429
145 556
24 838
433 491
764 91
8 965
902 657
472 601
906 826
821 440
208 685
930 690
124 236
164 127
881 563
242 160
339 124
333 634
664 449
135 7
412 935
629 917
411 581
950 870
229 322
352 272
866 765
860 461
864 923
914 43
929 574
33 488
91 225
584 788
120 453
431 787
725 830
82 14
78 446
303 883
845 938
33 419
992 934
932 988
47 656
912 607
558 525
119 515
765 176
244 280
701 486
346 305
188 74
25 886
95 764
293 312
29 883
387 576
620 726
311 162
982 237
632 372
715 596
486 587
105 572
3 981
680 972
610 174
896 99
264 530
836 665
811 814
797 362
307 180
890 873
266 413
182 770
481 144
287 660
723 786
42 617
506 758
512 164
349 41
575 134
589 201
653 130
209 756
551 671
836 163
196 469
336 993
695 426
185 59
124 342
218 670
725 315
366 722
15 376
854 562
408 689
683 443
234 762
611 252
551 957
909 129
374 375
930 273
541 97
941 608
3 54
829 534
42 8
681 893
996 991
213 973
114 327
772 403
274 731
46 504
269 650
216 527
509 88
172 305
482 448
680 25
409 885
454 999
721 2
929 692
202 523
467 309
750 991
213 236
952 965
95 614
880 505
3 316
380 193
27 139
600 216
753 798
390 882
613 702
348 747
572 248
720 209
666 949
108 986
985 394
548 164
171 7
359 295
916 556
887 58
582 846
15 583
405 87
891 283
713 961
469 177
235 739
528 270
753 555
54 400
403 223
514 297
744 252
521 522
767 129
92 290
811 606
377 24
369 116
48 880
927 73
520 108
248 284
332 477
360 731
851 674
218 940
303 770
505 362
286 460
81 480
281 406
287 41
505 621
243 663
517 241
138 19
191 728
205 174
880 377
719 423
769 673
778 982
644 989
551 202
858 579
265 833
402 290
915 797
230 194
332 547
616 486
8 605
524 458
996 77
7 596
101 783
963 567
100 872
296 853
231 645
750 757
703 992
515 512
19 228
969 295
59 568
296 526
494 526
496 425
970 225
108 938
320 876
83 846
403 528
351 615
604 927
506 596
229 580
565 428
242 881
28 637
714 431
243 902
565 590
452 880
826 619
323 746
71 465
100 73
388 400
940 934
655 897
819 531
158 286
396 802
181 10
104 154
339 770
87 429
559 499
616 89
692 429
729 280
265 172
860 45
840 630
900 85
559 379
842 926
526 407
426 661
746 9
777 727
795 866
227 287
127 419
971 618
883 753
500 673
9 174
818 921
789 980
824 668
252 326
930 710
355 700
370 468
356 509
223 914
763 494
873 807
348 675
710 434
622 666
410 740
419 432
154 883
834 342
113 486
997 119
713 408
207 535
3 943
767 85
76 387
857 324
328 324
458 441
262 610
416 796
255 952
435 511
775 209
328 483
759 722
396 472
115 245
159 148
208 220
663 564
738 475
177 196
140 585
513 347
889 523
345 339
648 223
27 191
370 281
731 791
635 368
153 186
117 676
379 489
690 708
772 337
516 213
924 351
256 110
922 622
718 475
237 862
87 409
450 773
270 984
284 879
161 427
967 837
85 489
167 431
559 791
926 927
311 79
81 887
799 258
312 505
95 447
902 690
590 98
7 116
726 561
141 859
24 569
716 746
555 921
491 40
67 634
858 407
392 905
35 305
704 357
843 995
315 238
559 759
399 933
938 50
744 90
66 777
680 816
729 488
438 716
336 288
323 223
19 15
693 156
891 706
979 922
781 492
187 875
4 308
656 390
471 562
813 742
364 46
979 487
295 491
78 889
825 819
504 386
653 366
131 739
314 11
468 621
310 89
409 516
554 481
734 997
970 841
499 548
670 459
678 894
853 711
189 78
431 768
421 213
910 544
27 617
827 573
502 433
709 473
411 802
400 450
827 278
539 699
427 736
86 896
63 144
150 490
85 262
898 469
422 957
835 970
396 606
545 975
343 412
240 413
52 917
852 26
221 879
560 39
430 139
98 330
100 752
997 959
289 533
976 74
367 438
671 539
904 443
472 996
365 493
765 425
757 237
471 952
91 752
434 354
399 112
507 375
75 853
867 372
743 687
711 154
594 676
352 981
186 746
699 209
546 806
467 296
681 205
946 309
700 762
64 731
495 305
786 845
290 823
976 194
485 345
255 479
801 490
777 432
921 662
483 499
80 678
689 900
969 475
717 792
749 629
642 964
16 713
4 462
249 11
175 424
42 387
527 882
281 897
276 470
532 137
414 315
917 92
629 580
556 959
80 255
470 570
960 323
110 60
42 35
19 656
661 784
895 832
604 821
309 819
640 341
470 666
1 429
81 218
835 911
451 551
735 450
903 654
852 215
367 84
884 462
648 755
412 769
665 435
423 759
792 273
369 791
562 516
896 421
804 973
266 213
295 703
176 803
149 595
134 165
319 426
867 152
20 555
892 518
38 285
130 485
812 807
321 724
947 450
531 200
110 229
875 213
756 468
577 58
139 447
502 508
849 137
17 376
933 913
275 218
469 315
565 176
602 103
843 413
647 801
250 971
615 584
80 199
726 190
333 3
546 779
658 582
496 681
602 451
846 241
180 700
638 488
958 32
399 42
828 912
212 476
869 386
7 872
365 364
407 27
431 28
647 131
592 412
531 866
110 687
207 539
78 286
847 709
94 382
594 649
162 776
490 11
610 902
752 224
310 594
318 912
452 324
291 865
497 794
973 183
475 571
882 560
548 554
827 787
563 698
166 868
67 769
227 928
541 205
390 761
825 450
931 120
961 959
56 472
74 803
832 829
177 658
231 978
567 814
239 246
142 964
539 246
723 662
229 707
639 200
313 455
159 589
40 815
360 527
475 822
266 751
475 2
597 644
99 113
652 638
376 895
914 897
781 499
578 703
561 884
102 180
509 166
773 545
302 2
219 230
743 620
87 951
184 108
459 147
836 146
767 795
146 543
644 970
89 745
387 694
553 179
63 520
665 968
329 927
714 148
950 992
207 951
807 810
216 894
862 114
972 905
849 132
638 657
105 907
582 470
621 957
942 567
132 549
916 131
475 40
663 568
37 649
786 10
495 285
325 899
205 382
760 854
583 388
157 633
268 104
100 998
353 488
798 224
768 299
526 187
990 914
86 701
387 97
2 523
284 447
572 307
95 98
869 698
805 41
150 160
444 576
309 512
775 669
879 80
585 217
473 362
455 567
312 212
987 3
899 998
619 325
797 637
933 683
116 681
962 992
469 780
361 183
632 186
426 125
287 507
405 718
196 286
442 307
622 655
972 206
40 764
512 973
460 316
177 553
930 688
297 384
169 227
809 632
558 492
597 786
314 444
607 697
618 977
482 944
510 330
679 163
223 676
118 483
988 96
546 549
308 35
553 96
89 919
674 962
45 703
355 797
14 454
309 100
942 880
588 320
138 629
839 160
492 457
69 13
947 38
631 906
269 247
410 494
233 695
795 0
503 487
691 593
658 92
522 697
167 359
350 470
178 51
580 160
850 855
555 766
26 85
102 428
917 502
595 422
373 679
644 622
863 423
887 182
20 48
85 96
47 639
664 834
101 686
33 910
376 931
57 428
778 194
195 186
565 867
390 207
595 872
937 620
674 439
559 0
400 975
84 220
575 96
524 708
523 28
504 71
883 803
884 657
203 799
93 874
747 430
475 758
679 673
148 138
921 204
997 137
244 686
207 935
296 281
856 980
485 151
510 172
267 330
854 665
514 46
397 412
583 535
923 577
130 907
910 122
59 29
264 824
118 661
406 327
182 572
729 874
822 546
168 235
245 994
972 61
836 37
452 33
796 489
283 922
62 721
389 143
55 747
190 750
961 782
704 109
440 141
970 197
439 152
923 845
592 301
99 442
58 299
315 710
348 468
216 400
284 54
857 563
256 77
246 782
290 487
606 998
378 627
681 213
971 738
939 838
656 945
402 588
814 25
108 220
110 282
437 250
447 140
824 346
662 53
251 442
593 775
100 796
234 805
722 786
845 606
522 693
990 96
918 655
156 734
271 288
573 124
798 980
949 639
719 104
382 982
172 237
672 28
745 497
751 437
185 189
629 607
536 153
594 169
115 784
548 510
460 687
379 78
463 518
177 757
960 734
578 125
309 911
197 130
761 162
816 963
730 64
680 488
63 372
893 208
480 268
68 91
215 694
671 729
115 381
296 713
590 922
521 690
244 633
535 16
532 630
167 55
581 661
687 458
494 853
444 382
958 120
124 606
294 179
111 263
0 693
104 447
869 481
130 220
892 759
718 347
808 59
99 405
614 336
19 620
504 348
145 392
410 561
384 823
223 605
109 147
714 338
913 57
561 861
876 309
696 28
954 318
49 51
3 462
915 780
677 389
566 361
610 60
832 632
109 683
380 211
825 219
676 682
217 327
606 838
920 671
636 548
660 906
952 7
105 357
231 911
329 239
144 185
937 173
752 166
644 826
148 937
888 972
273 348
759 930
615 88
909 138
854 606
187 482
323 387
73 412
189 521
213 611
790 813
168 362
429 425
133 634
710 625
20 342
330 381
121 655
260 817
522 274
259 397
256 48
98 988
683 7
953 805
40 195
259 493
272 877
951 916
878 911
120 664
767 618
775 806
418 892
480 387
41 498
842 679
732 150
456 143
516 362
426 339
328 889
992 677
501 736
951 975
452 593
94 277
570 587
278 204
158 655
323 569
899 500
580 295
74 783
457 802
939 598
735 50
783 845
765 775
873 994
332 934
178 349
475 617
515 33
394 296
693 927
359 295
912 832
122 394
242 715
46 879
81 687
755 628
467 348
764 79
437 394
849 466
181 722
848 212
983 537
557 984
764 928
152 986
945 122
372 966
286 419
391 965
954 368
439 481
367 29
740 204
51 372
565 237
771 673
42 870
765 250
429 644
337 831
614 174
46 901
903 964
459 511
488 182
881 878
311 903
840 949
842 108
248 17
56 891
27 163
469 597
480 301
964 356
325 440
758 324
871 171
448 718
204 933
193 789
375 609
221 235
532 380
832 353
826 173
648 528
430 619
238 451
630 638
733 168
653 227
983 320
559 428
348 71
405 219
531 466
857 574
255 904
693 349
159 135
741 25
190 540
415 920
44 447
271 81
856 307
165 969
682 254
48 22
789 480
101 803
165 692
604 800
416 807
652 516
10 959
17 302
84 631
966 246
855 130
505 935
555 437
182 900
193 835
298 176
247 458
140 525
195 466
456 110
16 866
44 32
348 119
464 159
368 139
745 607
794 185
172 896
625 239
582 683
737 904
279 108
975 611
340 552
879 451
55 290
875 156
245 903
67 919
479 904
222 244
46 222
920 372
336 630
475 437
208 154
704 121
870 896
726 437
381 507
267 447
543 837
297 877
442 460
248 56
827 190
841 381
999 333
834 765
5 775
713 252
241 810
444 124
561 875
80 551
408 219
813 787
320 78
107 987
316 116
876 878
785 185
858 922
902 443
777 200
142 154
858 402
999 366
79 644
635 903
317 455
16 848
89 940
97 161
888 204
980 965
386 269
120 885
30 431
236 644
544 547
57 980
70 173
322 117
737 766
252 983
533 479
58 47
668 769
771 452
721 155
12 231
277 524
559 164
560 8
941 722
89 62
574 340
630 200
457 374
797 678
534 210
876 452
34 373
195 12
631 701
27 929
158 930
278 974
355 236
251 317
379 373
574 882
534 337
158 95
874 2
789 370
653 724
21 167
173 908
23 128
580 797
724 65
937 489
146 557
174 973
687 973
733 681
388 583
576 464
209 29
70 200
802 380
169 519
387 11
564 422
900 63
199 572
643 507
48 403
855 339
46 952
270 592
897 360
481 296
454 980
715 485
585 481
699 448
130 955
143 366
742 372
859 461
101 82
79 469
746 668
237 869
417 274
974 446
518 534
139 952
481 89
101 649
677 499
323 304
404 914
914 288
915 658
313 301
795 273
448 27
404 807
456 249
255 706
244 561
902 234
661 455
594 721
172 233
999 552
397 31
118 566
59 768
816 783
16 283
792 191
651 904
683 815
859 642
99 111
300 746
986 452
335 921
493 339
592 793
932 455
178 288
265 197
447 747
131 8
975 770
939 990
358 722
587 511
525 43
238 453
215 55
383 39
903 712
383 518
393 999
773 625
892 143
580 263
903 630
49 590
50 40
174 374
600 881
845 229
456 118
429 304
905 666
946 684
522 911
545 637
387 663
387 368
892 753
529 121
203 23
4 937
946 300
368 308
436 22
572 142
310 946
662 75
153 886
779 79
867 601
149 148
721 352
121 94
354 213
43 416
798 607
617 108
389 727
454 118
49 996
274 653
6 901
183 410
158 477
996 394
988 575
994 122
146 243
688 728
377 453
321 803
735 927
733 984
784 917
840 914
502 83
815 667
239 955
306 513
353 594
587 563
345 566
808 215
330 333
589 465
456 167
58 844
521 471
459 942
598 502
31 876
242 364
481 522
370 706
346 439
802 124
641 20
987 675
216 937
38 13
976 885
878 915
209 544
931 338
481 80
840 194
55 857
913 861
816 522
752 34
671 405
0 366
617 195
576 802
676 728
234 86
783 181
847 2
410 47
414 728
560 419
861 265
622 267
726 650
302 974
144 78
924 104
558 289
157 484
622 776
93 143
452 293
419 434
824 433
107 284
488 623
556 792
855 140
295 835
681 410
177 603
764 971
834 878
361 974
222 783
177 802
941 134
764 698
224 144
492 258
190 977
437 691
277 366
781 841
299 745
363 109
453 385
573 830
661 601
862 404
524 70
206 302
474 576
405 109
636 361
912 764
543 208
946 212
186 586
224 590
59 121
941 670
613 980
78 737
489 34
417 569
329 164
323 683
508 746
713 694
125 260
127 195
883 914
171 809
65 540
643 451
565 194
993 113
656 610
222 76
826 95
758 473
899 886
282 49
582 240
251 379
880 979
15 479
603 482
139 471
990 232
239 399
597 832
398 241
880 304
722 376
660 922
985 730
799 618
853 955
603 190
744 208
284 994
168 928
972 629
658 320
696 250
950 925
168 663
217 466
313 574
23 184
113 462
102 516
535 73
168 4
338 608
428 328
699 328
565 494
194 79
311 853
840 893
52 166
82 330
97 96
300 335
613 720
412 966
634 476
16 880
853 399
393 431
44 535
288 99
897 450
913 584
545 661
760 314
363 555
818 107
621 169
374 158
25 714
802 319
756 134
965 362
40 253
120 41
501 97
692 879
693 802
710 585
945 881
478 216
332 860
413 813
626 564
351 654
328 804
297 363
744 808
321 65
471 237
850 346
469 705
212 293
418 234
265 477
737 187
192 965
941 27
401 606
824 680
516 618
901 310
872 356
585 812
928 866
556 256
354 739
608 868
920 398
52 478
687 515
478 691
838 513
801 778
66 208
636 297
986 433
509 118
743 9
745 950
959 748
975 599
8 216
915 105
392 847
716 932
481 988
958 708
799 614
875 542
646 173
154 477
999 699
393 279
929 262
515 392
632 851
712 606
132 393
679 928
191 42
795 88
151 850
556 276
90 711
132 120
587 329
573 155
752 991
163 631
970 969
575 35
522 992
559 539
821 250
672 199
91 804
128 182
502 453
241 837
250 17
328 534
930 829
124 6
189 698
372 810
469 449
200 0
395 340
509 59
945 11
999 962
911 103
506 727
573 132
765 511
325 961
751 310
890 89
383 526
725 758
809 354
721 280
654 25
827 336
712 106
892 971
432 718
297 78
639 214
589 850
864 895
636 131
984 807
393 871
488 380
967 471
748 424
72 510
982 851
567 54
807 826
242 287
755 934
199 880
783 852
467 603
981 920
715 922
667 209
802 533
210 459
207 610
972 694
539 153
242 259
385 243
555 905
685 75
141 121
204 490
90 82
139 942
579 401
951 607
126 120
167 995
496 836
802 81
995 647
705 946
794 237
526 402
924 484
203 710
555 436
106 347
282 792
330 291
983 236
102 742
831 604
313 451
786 139
724 671
656 610
43 810
119 654
16 725
473 564
32 947
722 202
896 286
950 614
994 141
912 692
947 530
738 681
870 460
935 151
726 528
801 317
116 955
246 932
414 573
900 45
912 654
546 217
247 245
578 833
630 264
82 197
30 47
876 800
856 181
591 682
51 760
66 389
96 913
125 812
371 525
289 250
101 26
91 161
998 530
847 652
387 519
897 10
198 777
338 829
762 666
415 805
5 247
246 483
754 982
42 919
499 630
330 450
342 945
331 589
772 515
567 528
921 592
932 288
273 793
166 451
879 25
439 80
90 966
635 115
72 926
416 472
316 598
52 716
776 452
752 71
721 636
661 994
723 347
359 511
891 566
108 681
979 738
293 669
969 559
842 932
684 948
585 945
183 510
876 996
936 201
374 840
544 994
731 446
712 974
406 433
31 391
125 202
120 917
453 915
765 175
62 559
66 949
660 856
214 463
4 466
813 663
994 64
93 91
680 560
766 90
831 254
885 911
849 683
496 831
701 367
501 184
801 984
770 342
784 724
218 213
316 933
836 286
461 427
198 477
693 569
859 993
173 101
930 62
921 876
682 92
102 422
848 805
644 385
103 158
569 717
484 990
528 238
847 960
391 982
877 109
673 834
387 788
581 692
240 975
914 410
795 530
685 713
464 868
554 668
843 177
438 677
703 426
81 47
852 213
79 856
467 704
958 122
547 328
450 285
235 644
484 685
795 275
505 92
588 871
753 33
600 684
178 4
772 104
727 602
955 741
283 633
422 394
223 812
342 668
14 698
112 753
492 774
40 959
880 443
197 562
84 222
330 853
595 614
781 870
645 102
840 647
70 371
634 116
909 232
138 78
901 451
463 145
477 890
801 93
12 441
432 638
442 703
79 447
190 667
869 703
576 564
791 117
7 272
138 236
865 328
129 422
448 845
296 395
126 747
265 519
383 687
335 90
525 193
885 74
593 174
918 189
406 713
588 795
86 782
697 589
873 605
241 203
810 845
681 684
155 507
743 737
593 162
258 53
716 520
18 863
59 109
989 350
328 835
412 335
945 850
836 791
538 499
373 994
319 743
848 772
685 665
942 9
154 384
976 132
70 808
412 297
289 434
337 952
744 908
534 929
939 2
864 434
888 541
859 913
97 814
573 662
130 858
407 857
323 711
953 389
863 767
460 720
378 649
408 971
262 849
169 820
348 693
999 395
988 318
934 158
115 467
582 996
692 824
232 498
680 74
415 378
330 935
950 217
747 397
53 193
228 686
130 237
469 654
432 257
968 420
740 487
20 864
863 622
985 571
637 39
132 654
672 451
29 464
966 647
862 691
464 544
795 886
725 680
520 718
298 748
946 915
720 765
647 482
145 773
744 93
148 712
226 899
491 234
809 750
857 490
32 177
548 699
13 494
736 787
16 912
424 543
890 470
836 418
184 459
877 474
462 756
291 86
165 826
278 390
758 839
200 917
133 625
678 561
338 28
662 281
6 826
600 489
907 472
283 791
372 169
372 897
761 616
990 547
384 608
664 924
122 970
140 909
415 828
996 916
535 522
88 410
29 524
50 608
151 353
653 347
741 410
998 487
863 87
575 516
515 312
605 950
76 533
908 192
0 975
945 189
703 353
226 74
735 587
38 851
54 957
120 125
356 690
550 291
780 836
871 126
123 365
21 378
576 591
191 403
377 422
424 467
490 519
965 110
516 687
439 901
112 211
199 250
916 841
959 822
426 721
149 557
502 34
296 403
673 345
34 530
567 171
239 253
3 123
227 526
265 247
362 155
253 535
233 754
577 901
706 808
548 320
745 65
693 849
521 669
894 467
141 15
524 320
203 769
551 402
918 865
454 303
97 576
52 340
486 806
124 724
561 515
693 821
73 911
357 672
227 875
276 590
380 830
257 964
631 425
707 801
575 322
111 265
478 28
132 444
456 253
861 814
44 619
472 874
94 532
266 414
307 474
125 892
160 328
738 566
743 304
869 788
281 305
320 785
13 971
612 899
443 49
255 68
543 822
72 424
814 454
594 365
126 48
757 878
606 639
810 360
609 71
882 762
326 856
765 487
871 797
911 141
846 971
870 934
722 106
280 38
601 998
158 511
366 873
986 984
984 11
602 388
379 500
730 86
720 843
689 395
17 413
146 343
67 430
107 22
318 807
776 353
388 946
751 847
123 259
170 114
318 213
772 322
247 611
287 122
508 496
235 226
319 676
110 67
352 562
824 772
525 800
914 357
609 103
618 705
114 540
190 473
259 16
148 213
7 546
353 1
522 912
944 246
242 419
265 97
46 873
52 781
511 488
643 798
234 477
525 826
170 247
744 488
123 150
309 402
101 744
841 66
842 174
728 555
244 533
795 188
738 53
0 503
828 118
331 973
777 655
965 280
512 401
521 308
127 873
85 572
441 63
440 337
809 777
435 288
158 449
445 138
200 637
603 830
590 836
583 378
643 481
672 994
255 676
837 557
715 47
164 358
897 903
951 227
457 20
306 111
93 867
549 878
997 878
635 298
888 530
184 917
127 402
663 615
666 785
621 131
647 147
283 978
227 733
282 566
976 730
153 395
960 704
931 119
331 498
758 605
438 282
629 166
112 386
199 654
947 11
762 507
496 470
622 613
693 351
294 381
826 706
205 461
244 683
358 85
362 422
719 723
558 104
929 253
550 275
862 563
363 520
949 760
34 758
739 193
728 492
704 321
551 967
353 247
494 400
32 871
292 153
331 179
218 944
316 265
703 965
964 128
671 942
898 927
522 49
3 16
80 931
365 434
735 879
811 911
223 477
356 175
405 165
674 402
608 883
91 426
543 917
115 973
43 609
918 442
420 303
321 926
397 917
631 198
626 362
684 227
379 119
139 204
208 796
777 749
337 422
429 84
513 124
140 336
981 883
451 436
435 889
782 67
991 885
243 537
329 223
803 54
262 220
581 923
716 956
352 986
577 112
683 87
237 252
817 196
471 163
996 995
767 310
310 709
60 980
287 575
133 229
974 95
449 637
639 872
391 655
286 857
572 851
959 705
336 739
217 725
760 765
894 317
826 265
736 591
682 551
208 106
180 303
987 849
214 101
365 473
230 770
412 216
592 537
61 56
886 249
901 534
914 633
528 371
769 4
348 439
457 375
674 561
773 680
520 653
550 808
160 336
349 296
783 652
110 563
675 301
296 644
292 833
863 981
749 448
932 378
155 167
422 437
980 307
125 658
780 577
321 247
208 458
739 395
585 477
145 816
154 739
352 528
542 860
153 625
212 599
659 796
742 286
672 57
165 266
695 443
470 912
798 581
69 674
373 479
464 315
951 819
594 881
915 799
179 523
486 324
628 393
665 769
25 288
631 29
264 131
144 320
787 157
124 363
932 128
407 88
136 182
823 95
845 785
572 70
780 925
165 113
136 63
896 288
835 163
665 251
529 258
520 209
601 583
876 982
494 788
532 494
274 175
940 526
232 61
871 924
28 688
980 904
8 869
214 773
145 6
466 428
459 44
795 918
627 755
466 516
854 829
120 805
988 168
929 651
616 606
757 47
224 389
983 485
569 951
163 112
121 966
918 356
524 834
412 382
925 108
921 569
667 322
432 158
125 847
578 467
304 902
791 524
720 607
654 346
100 669
482 315
359 730
482 29
374 931
263 14
124 36
830 881
380 435
729 593
823 431
486 935
395 580
540 735
67 972
523 232
207 328
300 677
964 477
204 235
785 970
261 353
148 83
197 833
809 593
34 680
159 976
938 638
319 664
26 755
959 740
224 905
290 611
762 458
857 489
62 725
622 638
756 268
316 898
14 69
734 689
582 591
301 711
112 384
865 716
75 531
838 616
797 218
678 454
375 880
599 696
92 898
47 423
976 858
586 617
198 390
343 796
280 857
774 616
152 214
183 388
2 640
132 846
830 703
892 352
713 456
971 719
975 806
603 448
478 97
154 156
366 28
871 690
816 47
804 688
301 357
47 997
367 645
482 778
840 200
635 682
608 45
61 376
490 258
389 782
190 939
950 742
688 17
663 997
991 516
453 357
24 67
582 901
233 218
883 421
936 540
578 526
560 516
468 812
126 413
402 358
388 800
114 503
606 328
341 50
960 568
861 731
500 414
226 27
199 976
378 402
981 778
907 541
965 273
569 661
818 72
858 932
998 344
966 288
272 225
809 951
659 641
140 128
524 481
836 389
0 691
78 130
741 890
752 637
778 844
562 111
694 427
733 725
533 73
613 447
96 628
238 961
630 298
382 500
48 533
847 530
708 245
880 625
767 243
697 701
817 218
974 916
434 211
528 513
367 535
189 243
807 883
950 126
769 55
308 17
567 169
642 302
211 356
427 922
926 631
957 638
465 656
590 17
63 851
933 836
38 239
993 311
600 555
766 558
779 523
20 13
875 547
353 638
411 425
551 639
821 402
947 35
204 509
248 233
640 652
398 785
177 947
935 697
2 372
952 834
918 231
169 862
643 520
920 942
363 200
105 97
57 2
699 562
462 376
480 516
237 994
438 793
60 941
459 528
564 519
292 31
353 258
206 980
665 98
382 895
477 110
574 446
804 741
785 943
632 266
77 188
895 745
335 339
197 41
395 475
329 84
252 178
720 663
958 695
955 971
446 597
764 173
318 469
15 136
843 541
837 914
676 958
308 135
652 956
521 860
681 366
975 299
28 95
663 379
540 13
304 45
754 145
316 571
487 321
482 577
758 564
431 959
235 858
239 626
668 315
36 680
340 614
240 643
327 265
452 213
569 783
499 994
203 280
732 30
106 286
522 526
265 431
77 411
784 463
451 902
123 592
676 852
312 312
417 479
140 97
653 884
185 758
562 529
830 499
676 617
830 899
338 401
412 101
183 472
54 275
800 949
353 524
502 28
287 519
880 53
195 979
416 181
154 636
271 229
797 624
552 442
87 176
789 759
531 347
355 432
748 455
861 850
619 985
914 47
963 357
450 279
896 210
503 442
133 316
318 878
533 968
8 342
648 564
959 223
410 625
868 466
14 679
62 315
228 783
879 369
143 838
89 706
471 903
883 319
238 537
990 77
712 608
989 469
387 245
236 760
35 596
45 835
323 891
942 983
377 535
249 738
135 643
627 574
35 396
164 625
850 754
737 259
111 298
489 896
698 864
239 199
415 596
38 124
479 659
820 698
293 84
476 973
191 237
847 339
782 551
530 134
893 419
169 532
729 920
22 813
146 293
266 904
254 904
232 165
821 963
721 741
171 667
505 513
506 792
829 964
963 500
548 183
410 659
914 560
192 504
780 356
170 376
266 61
865 633
371 368
350 672
781 381
228 989
533 372
799 777
615 708
428 282
218 178
479 162
775 273
277 485
44 847
903 735
166 941
922 705
129 874
67 718
122 384
455 672
922 940
536 872
568 725
435 548
469 154
380 434
978 619
496 193
993 345
976 783
36 143
819 59
106 599
405 315
647 791
355 698
759 728
161 836
201 20
589 151
882 949
996 896
75 412
852 243
471 930
481 242
391 425
679 494
334 36
543 352
88 625
233 706
168 630
489 295
453 844
238 614
89 41
885 393
481 270
292 214
391 169
528 559
423 710
8 993
391 41
851 112
576 706
853 724
52 193
168 131
131 212
376 62
495 905
740 88
477 13
930 107
318 876
38 522
353 670
191 928
560 155
230 168
168 14
471 366
197 802
165 336
928 89
687 957
860 164
144 968
291 106
905 797
330 92
701 491
161 649
386 833
519 677
801 779
511 536
57 455
299 551
537 413
744 863
563 97
288 11
176 580
402 889
853 726
472 654
921 756
431 931
930 620
9 922
895 446
438 948
554 712
975 246
988 840
882 9
693 453
503 698
495 757
958 903
931 647
955 936
601 488
875 358
617 283
303 152
238 733
143 55
262 961
932 92
644 440
474 410
37 400
537 142
676 955
296 646
774 697
518 520
752 779
758 441
107 88
526 724
667 905
520 796
519 322
305 657
478 384
635 463
558 959
218 4
995 379
791 216
814 178
552 556
364 95
770 319
382 33
351 746
266 312
679 148
21 912
952 967
372 917
936 726
678 472
368 956
248 973
933 903
555 828
152 721
422 278
868 513
524 699
502 666
604 933
302 252
497 491
75 457
543 287
57 877
24 212
47 250
400 720
960 882
225 36
629 579
370 609
761 929
523 935
527 837
221 425
253 936
638 97
967 266
981 453
769 364
148 360
806 744
846 87
800 214
779 811
799 366
643 400
937 406
767 272
911 133
803 601
671 625
419 43
493 107
432 0
856 254
106 255
91 656
253 737
212 973
58 990
464 80
748 961
619 144
740 111
465 640
94 882
471 483
621 429
88 950
388 138
44 182
568 386
706 69
65 777
434 868
968 304
723 809
896 86
809 338
899 785
721 836
622 847
311 306
427 331
714 510
290 204
611 482
232 639
565 770
225 852
680 160
76 837
611 588
840 546
106 545
462 459
33 292
769 782
914 131
353 767
44 502
433 433
618 880
134 856
108 25
492 944
679 59
924 254
562 853
311 680
340 603
379 848
14 258
597 895
735 713
336 836
128 545
16 109
690 257
79 217
280 188
874 168
963 86
108 48
152 867
529 993
381 151
614 960
229 797
874 562
103 409
399 268
783 70
130 68
355 210
615 449
279 123
341 794
555 2
562 129
795 329
226 848
900 315
843 785
46 329
429 283
583 151
811 445
122 807
166 257
761 849
916 228
445 513
45 512
802 255
509 662
611 46
487 294
162 996
116 562
749 803
644 819
67 324
975 35
631 281
84 417
436 566
100 721
862 762
291 496
818 687
515 935
237 85
304 298
576 486
525 238
349 896
476 242
396 128
301 420
810 161
174 530
649 747
580 996
780 96
265 978
477 40
698 979
928 634
373 346
604 465
927 577
748 180
824 732
688 504
190 631
608 160
412 181
74 365
329 523
340 435
774 115
964 943
948 866
26 168
381 33
888 654
997 924
887 927
899 602
986 31
545 478
801 44
789 318
979 629
712 808
295 873
158 832
507 159
99 187
520 318
588 959
813 128
30 408
695 230
563 776
837 684
908 47
588 342
102 123
832 465
339 336
314 785
746 841
52 508
343 570
251 411
583 331
554 278
685 408
92 183
944 508
558 791
276 62
656 703
974 250
611 643
355 221
775 70
189 505
570 937
591 604
904 673
469 61
765 222
307 666
266 50
15 866
178 853
279 545
796 925
751 828
943 420
798 786
313 125
582 188
366 109
599 551
425 663
259 386
664 807
617 88
87 974
665 171
695 402
748 66
410 106
46 955
349 353
536 177
694 19
559 691
872 321
988 230
779 637
485 782
943 172
278 991
489 733
492 98
222 513
727 22
755 724
8 197
6 184
510 855
742 349
123 818
155 239
258 56
15 969
798 10
174 563
38 984
142 39
434 857
874 446
645 332
775 834
575 859
657 52
81 491
259 140
827 780
927 631
546 819
479 507
697 390
864 43
559 112
177 650
61 470
907 641
160 271
164 591
657 386
950 632
802 459
133 375
345 57
995 481
617 495
953 962
932 373
648 534
821 573
358 652
200 420
652 48
26 664
682 566
12 679
151 517
339 856
838 270
332 778
589 935
205 446
458 611
700 735
570 496
989 973
830 256
312 515
32 549
442 308
324 257
265 960
622 860
944 343
614 629
922 957
526 944
409 953
293 727
500 497
264 688
650 862
500 464
863 417
629 742
108 55
758 726
300 304
810 946
867 540
142 758
925 709
339 506
777 939
282 224
650 840
196 74
494 837
978 249
712 690
552 707
351 432
227 259
75 959
736 977
80 168
147 664
614 953
80 343
35 510
880 8
86 33
121 640
373 190
242 713
550 410
264 290
739 979
887 981
498 195
466 272
562 667
229 191
751 503
685 547
736 641
370 393
123 470
897 917
588 589
321 82
648 528
420 624
754 164
160 699
66 550
73 574
906 782
529 502
684 457
772 57
626 335
188 753
463 829
921 17
433 731
73 481
345 563
3 999
819 411
580 30
958 653
833 776
497 955
138 359
836 582
418 974
107 80
473 390
399 375
803 39
771 600
94 509
63 513
638 898
794 827
41 621
574 459
504 253
547 778
293 263
62 516
112 693
98 397
107 453
431 313
917 460
543 694
660 695
738 133
967 134
58 888
82 256
809 538
923 858
191 792
754 100
802 219
508 115
654 343
493 581
399 80
661 192
815 856
843 422
580 964
647 557
656 963
288 995
832 290
126 671
830 674
108 698
820 287
102 49
461 851
371 743
605 75
340 647
805 29
42 828
182 938
903 123
669 112
282 809
59 859
100 954
29 447
647 896
430 852
381 284
80 933
517 234
365 220
195 471
374 949
625 205
54 85
536 730
71 957
378 731
721 66
698 196
12 366
531 237
374 690
727 148
148 749
400 368
70 944
255 346
771 393
788 497
885 532
544 699
869 624
605 784
884 826
291 980
367 160
243 222
660 885
72 26
35 445
714 166
56 927
933 573
550 114
64 691
982 234
57 907
619 172
129 364
126 882
397 812
35 846
784 484
908 322
256 330
761 719
328 563
120 50
7 413
590 93
768 479
63 490
883 690
412 417
452 961
354 69
203 659
684 473
162 349
93 169
609 802
638 117
452 257
428 473
625 903
122 4
650 3
695 571
659 616
163 783
47 803
583 616
61 811
255 263
88 601
637 373
216 526
369 535
494 515
386 555
31 326
993 833
769 895
59 618
42 630
135 612
105 237
437 892
643 65
945 48
776 657
502 574
367 959
708 752
514 781
195 893
427 415
860 120
637 481
609 527
686 201
286 277
10 471
795 672
578 678
553 839
461 234
33 750
176 322
537 220
101 292
475 204
422 877
922 285
887 443
541 487
506 826
783 240
534 772
101 424
857 271
836 195
628 733
804 5
429 0
519 717
209 190
86 5
242 484
843 472
911 257
639 322
161 403
327 628
587 97
749 319
175 409
694 454
223 664
442 468
450 672
149 406
147 705
447 77
952 435
434 434
868 119
504 261
132 768
712 767
70 665
305 325
759 380
471 957
309 86
690 66
627 437
232 962
426 139
71 889
902 953
430 394
879 672
382 972
772 713
636 497
865 256
564 403
62 298
908 708
260 245
370 740
366 408
857 697
653 709
54 624
942 90
282 158
27 996
715 908
91 997
732 393
115 892
571 922
475 189
807 853
909 686
87 902
294 98
665 189
552 836
497 259
401 106
645 471
643 771
448 651
744 8
223 565
669 55
752 660
988 633
353 232
523 810
609 97
630 371
45 802
552 874
555 240
321 20
830 646
354 471
216 503
808 178
123 321
245 276
194 581
287 576
728 240
817 480
227 120
407 55
86 82
999 194
893 26
127 230
205 510
557 762
957 157
131 202
140 92
969 3
319 682
94 12
65 407
515 928
128 960
800 184
257 494
781 580
330 718
654 19
719 726
824 210
281 637
593 478
552 39
33 719
786 449
692 583
320 802
816 352
160 365
473 47
179 738
450 324
854 99
790 378
656 846
79 741
296 740
698 718
992 863
456 309
873 400
666 374
137 923
12 832
660 244
64 745
695 617
290 143
471 45
494 275
984 325
738 129
926 755
254 825
859 399
262 808
199 887
932 17
947 791
12 694
821 371
9 688
621 566
142 739
31 627
76 356
958 818
653 260
919 956
793 306
620 954
564 876
806 519
586 664
771 816
521 654
910 734
294 3
856 384
651 496
865 2
908 768
821 817
442 898
640 854
435 262
226 60
913 763
585 622
506 291
169 531
873 163
126 700
591 354
409 889
460 451
340 388
308 98
22 735
652 559
425 39
491 466
732 106
367 671
492 532
363 252
759 304
611 222
545 963
483 166
144 659
512 740
980 450
329 415
853 434
62 237
546 570
975 246
900 217
656 959
247 886
702 38
779 935
686 627
360 267
284 371
614 301
944 525
257 147
27 863
351 665
823 598
46 179
297 655
271 248
713 865
426 190
875 636
374 61
411 457
301 411
796 410
900 316
468 607
448 111
643 937
369 175
892 629
969 8
919 917
577 10
686 391
600 611
488 16
361 363
416 271
267 570
436 131
218 997
835 552
181 486
373 753
882 468
910 897
219 799
472 332
835 130
474 380
577 963
522 650
365 578
258 836
362 642
988 702
139 984
75 90
134 203
64 590
618 170
68 9
950 637
92 27
603 393
834 409
717 616
468 933
226 368
229 535
666 284
878 565
840 94
235 296
987 273
281 416
546 829
248 940
202 435
751 937
876 479
35 741
937 576
77 406
47 980
21 160
192 579
504 420
511 167
862 742
587 275
793 434
882 306
453 35
311 399
113 100
707 301
478 933
861 835
868 26
478 187
743 58
683 991
170 472
443 300
867 838
595 566
455 593
24 497
322 863
943 605
616 437
114 55
299 609
488 633
133 644
197 21
30 245
9 537
613 663
239 366
274 698
132 193
335 984
780 685
273 6
451 593
299 156
278 620
826 660
546 879
111 259
900 328
465 324
355 910
9 778
59 706
964 50
684 734
654 506
448 458
601 902
456 117
284 936
329 605
618 789
582 69
832 954
212 530
844 661
986 264
335 60
30 929
120 118
436 684
562 358
840 377
111 231
469 103
795 12
483 901
228 394
640 175
105 794
475 547
642 905
992 311
626 834
200 247
183 531
638 27
124 749
336 687
961 542
843 241
372 795
290 99
18 188
18 32
801 212
849 168
88 751
867 22
107 757
814 615
208 208
600 347
554 276
580 7
403 222
833 370
937 7
421 844
874 967
465 852
627 609
251 181
355 273
170 859
773 615
256 927
348 104
690 52
995 44
967 661
395 438
693 397
941 837
127 787
185 71
435 698
163 997
171 932
465 365
139 783
84 600
624 881
988 885
599 396
635 503
375 786
169 256
102 193
999 673
649 395
83 312
39 7
395 109
557 417
229 150
144 37
348 654
738 907
894 903
914 664
895 927
574 737
794 652
735 891
364 239
384 381
811 752
769 790
376 596
178 552
548 862
516 760
620 204
600 430
65 813
372 854
495 964
224 125
727 198
696 415
902 551
676 649
27 801
1 977
74 496
325 833
856 431
543 879
808 593
33 816
914 936
275 338
69 117
430 788
352 172
566 727
731 533
119 269
405 944
471 858
8 368
454 251
138 150
116 939
775 805
981 882
844 838
232 425
61 93
149 518
812 126
901 202
194 164
449 650
720 607
48 641
783 126
661 190
76 720
600 923
738 509
815 114
866 478
191 140
596 815
879 311
31 222
337 372
217 528
761 409
75 840
549 178
653 941
448 640
603 282
677 565
304 708
931 378
354 453
977 424
848 818
560 232
936 605
46 504
736 359
642 194
607 82
282 687
269 108
239 119
631 451
360 923
707 166
191 744
0 986
951 24
619 634
723 926
644 774
566 358
374 944
303 710
350 685
164 61
754 555
699 675
928 233
870 821
293 83
44 94
534 458
922 373
784 157
705 186
386 546
236 260
162 751
507 363
946 501
336 662
858 806
270 599
342 924
748 301
91 857
73 200
660 291
421 7
681 10
409 296
739 657
729 417
803 857
275 749
14 733
864 625
178 879
386 506
735 512
765 644
326 431
994 569
511 774
497 17
316 226
959 230
465 963
734 494
332 389
389 322
445 569
716 575
686 847
536 160
882 473
885 296
630 626
205 970
299 764
18 420
440 750
39 556
379 664
753 559
899 897
754 253
241 41
526 758
600 525
510 98
706 660
59 50
542 945
467 578
776 135
838 129
422 910
319 876
336 117
729 240
862 761
220 334
577 411
984 212
797 723
1 336
200 601
139 256
569 821
98 698
825 99
388 256
504 155
624 659
367 335
409 195
978 992
937 188
180 487
360 40
43 520
969 996
874 567
503 234
42 835
302 215
879 658
80 492
206 507
309 453
477 913
876 753
167 878
16 586
187 299
767 745
694 654
979 342
790 723
131 451
590 71
665 624
748 892
291 757
971 763
39 253
908 873
968 681
411 682
223 762
738 342
521 607
406 949
338 331
760 573
960 795
613 188
0 102
28 587
432 611
32 368
824 111
465 971
539 393
930 3
484 455
133 133
385 245
176 118
267 54
471 303
983 720
471 297
82 825
521 617
538 123
993 168
598 180
935 416
625 336
649 61
461 303
59 31
850 892
707 566
604 870
848 515
658 622
430 888
726 376
567 381
559 550
793 965
487 860
619 372
118 914
350 858
600 873
484 313
597 843
137 915
748 194
409 96
762 953
925 407
847 617
647 469
719 928
623 731
606 733
9 343
201 993
883 892
40 212
510 894
33 91
490 122
230 446
224 767
347 401
332 118
550 787
632 907
356 315
101 237
731 541
726 619
299 459
610 314
954 27
872 801
548 628
938 689
873 381
195 466
95 475
429 409
593 270
76 957
523 189
891 887
303 963
982 864
804 434
325 25
150 156
644 12
496 522
730 244
451 836
541 73
734 584
895 224
742 826
127 576
632 494
678 139
737 708
161 125
929 60
657 342
885 40
321 729
926 19
295 99
833 152
642 783
75 785
130 946
53 607
79 155
827 9
572 892
464 125
482 982
408 506
570 158
981 540
320 58
372 422
13 263
587 449
399 937
464 54
69 469
732 405
499 55
710 281
208 872
423 950
847 811
162 557
465 433
106 748
233 314
654 490
81 508
363 656
646 33
121 252
864 821
463 529
987 147
79 236
456 836
717 689
437 301
496 18
985 695
346 631
889 772
895 829
112 233
69 205
860 634
213 549
823 658
579 683
236 317
953 715
17 869
13 833
413 626
955 167
360 170
950 951
98 491
255 781
949 385
549 526
605 571
541 81
304 917
40 714
680 892
263 554
735 662
148 857
342 97
631 908
149 973
228 68
823 438
567 487
625 499
668 178
829 616
895 285
900 280
703 617
114 209
279 144
583 819
843 522
850 461
98 549
4 478
610 886
33 798
200 990
156 790
9 951
239 550
422 411
734 156
557 875
722 297
760 897
702 697
482 876
956 809
874 208
201 330
361 169
5 904
849 841
761 48
567 804
471 168
214 4
629 173
405 179
144 70
459 78
408 457
448 349
365 185
748 908
970 666
73 308
97 564
763 222
79 143
515 505
714 389
702 120
963 969
906 858
226 267
440 181
877 630
377 261
433 55
578 392
437 984
292 923
8 960
697 269
838 440
306 52
227 462
942 491
206 355
848 112
711 519
70 166
8 630
638 837
605 856
674 745
375 192
965 276
449 594
690 632
329 818
390 716
848 878
816 172
944 114
147 152
315 340
464 144
785 82
121 155
782 434
352 5
776 959
230 873
734 773
694 783
457 208
916 381
792 565
826 147
93 283
165 249
353 873
165 540
927 601
762 869
221 101
436 48
895 625
164 442
613 123
575 509
53 258
771 916
596 241
355 554
426 885
751 165
466 622
631 346
994 769
699 817
268 395
420 89
510 436
539 182
317 899
153 505
640 257
345 944
468 58
93 791
616 904
58 346
306 691
887 164
604 199
214 371
253 804
435 131
453 976
444 220
896 808
932 477
119 990
472 202
526 438
397 712
598 552
25 606
513 929
898 953
240 167
82 64
66 822
866 314
909 71
765 373
561 88
197 95
264 541
681 325
859 939
976 264
577 527
691 220
713 930
380 95
246 602
990 801
572 327
403 97
466 734
575 584
170 690
966 87
522 148
497 409
199 676
885 454
34 703
962 161
990 346
813 495
839 146
76 239
394 549
869 471
310 648
668 779
540 975
550 886
636 399
146 86
177 361
184 999
738 786
268 253
120 573
739 637
949 268
238 219
101 667
110 651
289 652
986 349
94 540
980 151
160 678
343 962
382 205
212 104
719 654
803 337
941 91
305 827
5 766
520 60
70 777
8 489
238 718
115 710
111 495
339 359
66 710
728 326
16 294
485 226
626 570
184 797
835 782
549 357
880 945
85 984
269 381
301 495
960 505
60 681
386 205
752 696
943 136
153 879
677 981
536 958
606 263
982 135
768 214
138 608
316 474
967 755
829 823
156 215
67 435
478 852
731 642
509 653
554 921
183 973
961 56
763 138
893 909
410 507
856 701
430 179
391 219
181 269
770 975
561 452
622 640
0 207
579 182
904 397
298 662
762 620
318 134
149 981
231 963
535 460
825 209
989 771
913 587
380 850
316 487
645 76
187 658
225 917
237 598
614 905
838 822
581 589
315 894
792 134
29 539
423 359
536 462
398 383
569 31
999 722
520 577
700 543
131 277
178 581
732 202
107 974
829 740
534 929
168 440
379 350
104 811
512 931
153 48
371 136
618 68
580 675
31 809
727 274
501 25
683 248
135 105
106 318
834 304
427 760
946 642
510 790
270 89
251 809
379 679
711 929
26 589
220 339
871 377
918 818
897 948
604 95
350 152
805 818
491 630
825 313
770 416
771 403
965 301
418 841
553 812
180 559
910 290
642 677
809 476
